1772125921407675467
1772217754100347291
1772213882805631776
1772125921407675467
1772086851125728145
1772010046373670895
1765071180213343670
1771839682309758297
1771839102585119744
1771836065546884120
1771830953531438551
177176466474784364
1771746864944878792
1771658065448402345
1771573974583769382
1771478014245845392
1771390977698492125
1771356892456073924
1771343732880195257
177134300240779428
177134300240779428
1771232205449525094
1771232205449525094
1771124190797551542
1771121637498565172
1771095937317827980
177109531554815105
1771090137655413990
1771077263831012272
1771074778939812468
1771066673658037515
1770903879709196095
1770822434778197928
1770469082581947004
1770815123519880061
1770789199200956103
1770789199200956103
1770778388966266605
1770771781835326646
1770670317229037968
1770615806843627639
1770569459182656482
1770555688999396316
177053952324174633
1770507004818040584
1770469082581947004
1770374870605796946
1770354706596500409
1770311124887896601
1770309241597418677
1770278594428561888
1770251307704244339
1770207576269438955
177019847352166912
1770113960606783227
176996476925636103
176987009835730721
1769761446368826625
1766761319810468757
1769596977653518398
176951926451463026
1769492016377830863
1769252460719616858
1769240637763328486
1769239667569821873
1769058843145365189
1768973389641249521
1768720417677745141
1768659527611360211
1768315572703079357
1768292798769574319
1768248951578283188
1768264438179563784
1768264438179563784
176822957499766212
1768222514876827034
1768219351925937373
1768219351925937373
1768217279199804390
1768209639319776299
1768200894732568545
1768197161703692191
1768197161703692191
1768185808167676660
1768185808167676660
1768184928116695816
1768179770793819379
1768150342893808472
1768148661605663379
1768055932269099285
1768046612501518690
1768043124899952078
1767343338949363517
1768028214361462395
1768027774512777316
1768001861884122072
1767995375187825653
1767986697871593530
1767974930659667342
1767962753987781690
1767263405773419598
1766944723934610894
1766298365481112601
1766283073943660442
1766208425607408702
1763457196999818493
1763392093854940452
1763392093854940452
17633842076914507
1763374995428163399
1763367001809459958
1763299793486342884
1763278970269645952
1763234357366383767
1763205037341406515
176313223524933759
1763087845861527984
1763054913156281787
1763040982698378016
1763036847698774768
1763023857386907740
1762940504662821295
1762843409992046102
1762681218390093679
1762674658955363820
1762671753228801045
1762639233826865488
1762603433467880966
1762602987614159567
1760494532573023739
1762562903373147383
1762562903373147383
1762531287292619573
1762518330894580204
1762376649920542194
176076842670468647
1759337634454012502
1759501784474473341
1759501784474473341
1762098547357140872
1762098547357140872
1759136224707544243
1761968040883655768
1761959444662828849